# name: debug
# type: sparse matrix
# nnz: 360
# rows: 60
# columns: 60

1 1 4382300.96
2 1 -408453.185
3 1 1717843.49
4 1 310101.447
5 1 7701991.69
6 1 892642.112
1 2 -408453.185
2 2 5724558.37
3 2 455463.872
4 2 -8810705.83
5 2 -310101.447
6 2 -3743391.5
1 3 1717843.49
2 3 455463.872
3 3 816379.794
4 3 -754097.627
5 3 3118397.69
6 3 -9.09494702e-13
1 4 310101.447
2 4 -8810705.83
3 4 -754097.627
4 4 13706459.4
5 4 0
6 4 5716124.08
1 5 7701991.69
2 5 -310101.447
3 5 3118397.69
4 5 0
5 5 13706459.4
6 5 1225997.61
1 6 892642.112
2 6 -3743391.5
3 6 -9.09494702e-13
4 6 5716124.08
5 6 1225997.61
6 6 2757215.16
7 7 8623146.46
8 7 -323862.821
9 7 980625.139
10 7 -256886.453
11 7 -11956650.7
12 7 -1290666.2
7 8 -323862.821
8 8 9446800.81
9 8 892675.824
10 8 12759390.2
11 8 256886.453
12 8 2381689.48
7 9 980625.139
8 9 892675.824
9 9 793610.59
10 9 1143610.04
11 9 -1967310.05
12 9 4.84234874e-12
7 10 -256886.453
8 10 12759390.2
9 10 1143610.04
10 10 17922606.5
11 10 0
12 10 3941622.45
7 11 -11956650.7
8 11 256886.453
9 11 -1967310.05
10 11 0
11 11 17922606.5
12 11 1619253.88
7 12 -1290666.2
8 12 2381689.48
9 12 4.84234874e-12
10 12 3941622.45
11 12 1619253.88
12 12 2298174.2
13 13 393070.512
14 13 -42313.3023
15 13 145140
16 13 -32193.026
17 13 -634412.063
18 13 -97767.2605
13 14 -42313.3023
14 14 498828.15
15 14 50921.9925
16 14 714875.137
17 14 32193.026
18 14 278660.349
13 15 145140
14 15 50921.9925
15 15 62551.838
16 15 83892.8431
17 15 -239114.902
18 15 0
13 16 -32193.026
14 16 714875.137
15 16 83892.8431
16 16 1026571.68
17 16 0
18 16 393936.45
13 17 -634412.063
14 17 32193.026
15 17 -239114.902
16 17 0
17 17 1026571.68
18 17 138211.582
13 18 -97767.2605
14 18 278660.349
15 18 0
16 18 393936.45
17 18 138211.582
18 18 169777.105
19 19 2499831.82
20 19 -287617.645
21 19 745778.501
22 19 -239249.315
23 19 -4476389.45
24 19 -1096019.68
19 20 -287617.645
20 20 2882697.1
21 20 462219.246
22 20 4673881.82
23 20 239249.315
24 20 1467975.2
19 21 745778.501
20 21 462219.246
21 21 387336.761
22 21 953267.88
23 21 -1246022.14
24 21 -3.63797881e-12
19 22 -239249.315
20 22 4673881.82
21 22 953267.88
22 22 8630380.12
23 22 0
24 22 2242064.65
19 23 -4476389.45
20 23 239249.315
21 23 -1246022.14
22 23 0
23 23 8630380.12
24 23 2137079.45
19 24 -1096019.68
20 24 1467975.2
21 24 -3.63797881e-12
22 24 2242064.65
23 24 2137079.45
24 24 1310469.19
25 25 2622135.23
26 25 -240653.069
27 25 787713.448
28 25 -206209.84
29 25 -4548647.13
30 25 -813007.854
25 26 -240653.069
26 26 3082957.87
27 26 356595.954
28 26 4864462.6
29 26 206209.84
30 26 1562000.29
25 27 787713.448
26 27 356595.954
27 27 346193.703
28 27 707656.79
29 27 -1352378.53
30 27 -1.27329258e-11
25 28 -206209.84
26 28 4864462.6
27 28 707656.79
28 28 8311131.93
29 28 0
30 28 2438719.74
25 29 -4548647.13
26 29 206209.84
27 29 -1352378.53
28 29 0
29 29 8311131.93
30 29 1529201.89
25 30 -813007.854
26 30 1562000.29
27 30 -1.27329258e-11
28 30 2438719.74
29 30 1529201.89
30 30 1171007.77
31 31 3779144.08
32 31 -334701.832
33 31 986856.033
34 31 -324938.816
35 31 -7545484.91
36 31 -1751971.19
31 32 -334701.832
32 32 4167038.19
33 32 665835.208
34 32 7717971.87
35 32 324938.816
36 32 2091305.85
31 33 986856.033
32 33 665835.208
33 33 489012.241
34 33 1556128.61
35 33 -1820900.83
36 33 7.27595761e-12
31 34 -324938.816
32 34 7717971.87
33 34 1556128.61
34 34 16026367.6
35 34 0
36 34 3626511.22
31 35 -7545484.91
32 35 324938.816
33 35 -1820900.83
34 35 0
35 35 16026367.6
36 35 3856765.28
31 36 -1751971.19
32 36 2091305.85
33 36 7.27595761e-12
34 36 3626511.22
35 36 3856765.28
36 36 2070637.89
37 37 2372936.75
38 37 -122167.907
39 37 413875.599
40 37 -128239.824
41 37 -4380622.17
42 37 -916118.986
37 38 -122167.907
38 38 2429801.04
39 38 383504.577
40 38 4382890.38
41 38 128239.824
42 38 890102.777
37 39 413875.599
38 39 383504.577
39 39 216380.811
40 39 823625.55
41 39 -791261.709
42 39 1.06723519e-11
37 40 -128239.824
38 40 4382890.38
39 40 823625.55
40 40 8588789.53
41 40 0
42 40 1607580.55
37 41 -4380622.17
38 41 128239.824
39 41 -791261.709
40 41 0
41 41 8588789.53
42 41 1902319.75
37 42 -916118.986
38 42 890102.777
39 42 1.06723519e-11
40 42 1607580.55
41 42 1902319.75
42 42 940797.603
43 43 3030240.46
44 43 -214400.443
45 43 957616.259
46 43 -164404.027
47 43 -4995250.81
48 43 -765824.199
43 44 -214400.443
44 44 3625893.56
45 44 360097.715
46 44 5380940.17
47 44 164404.027
48 44 1718567.29
43 45 957616.259
44 45 360097.715
45 45 401759.029
46 45 678393.125
47 45 -1507096.3
48 45 1.09139364e-11
43 46 -164404.027
44 46 5380940.17
45 46 678393.125
46 46 8608294.3
47 46 0
48 46 2438389.63
43 47 -4995250.81
44 47 164404.027
45 47 -1507096.3
46 47 0
47 47 8608294.3
48 47 1387928.79
43 48 -765824.199
44 48 1718567.29
45 48 1.09139364e-11
46 48 2438389.63
47 48 1387928.79
48 48 1136539.29
49 49 2693007.17
50 49 -74886.8278
51 49 138893.826
52 49 -128886.601
53 49 -5930597.56
54 49 -1763520.83
49 50 -74886.8278
50 50 2355693.9
51 50 671954.598
52 50 5549233.96
53 50 128886.601
54 50 509481.697
49 51 138893.826
50 51 671954.598
51 51 241531.657
52 51 1597163.19
53 51 -466819.193
54 51 -3.63797881e-12
49 52 -128886.601
50 52 5549233.96
51 52 1597163.19
52 52 13704643.1
53 52 0
54 52 1366074.36
49 53 -5930597.56
50 53 128886.601
51 53 -466819.193
52 53 0
53 53 13704643.1
54 53 3982007.16
49 54 -1763520.83
50 54 509481.697
51 54 -3.63797881e-12
52 54 1366074.36
53 54 3982007.16
54 54 1381641.11
55 55 7009150.91
56 55 -262753.952
57 55 1533215.22
58 55 -271156.738
59 55 -12522177.3
60 55 -2242489.2
55 56 -262753.952
56 56 7736849.86
57 56 1005935.04
58 56 12980643.4
59 56 271156.738
60 56 3105244.01
55 57 1533215.22
56 57 1005935.04
57 57 796230.261
58 57 2031848.25
59 57 -2734557.51
60 57 -7.73070497e-12
55 58 -271156.738
56 58 12980643.4
57 58 2031848.25
58 58 24285925.7
59 58 0
60 58 5140906.01
55 59 -12522177.3
56 59 271156.738
57 59 -2734557.51
58 59 0
59 59 24285925.7
60 59 4561564.65
55 60 -2242489.2
56 60 3105244.01
57 60 -7.73070497e-12
58 60 5140906.01
59 60 4561564.65
60 60 2760981.1
